[randompoly-s2-d4-N5]
maxval = 0.16319645582940695
hnorm2 = 0.9999999678867074

[randompoly-s2-d4-N3]
maxval = 0.20868953413971025
hnorm2 = 0.9999999678867074

[randompoly-s2-d4-N4]
maxval = 0.20069020949943778
hnorm2 = 0.9999999678867075
